NAME : global
TYPE : ATSP
DIMENSION : 44
EDGE_WEIGHT_TYPE : EXPLICIT
EDGE_WEIGHT_FORMAT : FULL_MATRIX
EDGE_WEIGHT_SECTION
0 151 198 210 172 230 212 167 171 244 248 225 220 230 228 209 268 254 270 261 281 284 284 288 292 302 312 303 289 308 291 302 276 277 317 231 222 246 239 206 192 164 150 85 
0 0 104 106 49 128 107 69 213 233 237 219 213 228 216 192 160 174 180 166 191 210 223 228 234 265 243 218 258 252 260 234 257 246 253 206 182 225 204 188 159 113 71 70 
0 26 0 82 35 104 85 44 207 227 228 215 214 224 206 178 137 151 158 147 169 192 201 209 214 249 228 196 240 232 244 213 242 232 238 192 165 214 194 177 151 104 57 67 
0 104 78 0 68 30 39 53 218 239 234 233 246 250 206 173 72 87 97 95 107 147 145 166 167 217 196 136 204 185 214 164 217 214 208 179 144 204 193 178 162 124 92 121 
0 106 82 12 0 27 36 61 227 249 244 242 256 261 217 184 75 89 97 94 107 148 150 169 172 223 200 140 211 191 221 170 225 222 213 188 153 212 201 188 170 133 102 129 
0 49 35 68 68 0 59 61 203 228 229 215 221 236 206 178 116 129 132 118 143 165 184 186 195 231 204 176 223 215 229 194 230 221 216 185 156 203 185 177 144 103 82 97 
0 128 104 30 27 85 0 83 224 248 241 242 260 266 214 181 51 64 71 71 81 126 130 148 152 205 180 116 193 171 205 149 211 209 194 180 145 202 194 186 168 137 120 149 
0 107 85 39 36 59 33 0 207 234 230 225 242 253 204 173 62 74 76 66 88 120 138 144 153 200 171 125 190 175 200 152 206 201 185 172 138 190 178 176 149 117 111 137 
0 69 44 53 61 61 83 79 0 223 220 216 219 220 195 165 115 130 143 138 153 184 176 197 195 236 222 174 226 211 230 194 228 222 231 179 149 208 192 166 154 107 44 70 
0 213 207 218 227 203 224 207 208 0 50 29 73 100 53 71 197 198 208 198 209 181 177 163 158 131 148 191 136 161 120 163 103 85 137 70 96 59 43 61 60 103 181 185 
0 233 227 239 249 228 248 234 223 41 0 26 61 68 43 74 221 223 236 229 237 213 195 192 181 153 180 213 156 179 138 185 116 102 167 84 114 86 77 65 92 125 192 193 
0 237 228 234 244 229 241 230 220 50 21 0 80 76 29 62 212 214 228 222 228 206 181 183 167 141 173 201 143 164 125 171 102 90 160 72 103 79 75 56 95 127 191 195 
0 219 215 233 242 215 242 225 216 29 26 45 0 75 58 82 218 221 232 222 234 209 200 191 184 158 177 216 162 186 145 189 126 109 166 90 116 87 72 70 78 113 185 184 
0 213 214 246 256 221 260 242 219 73 61 80 47 0 93 111 244 249 261 250 265 245 237 231 225 204 220 251 207 228 191 229 172 155 210 130 150 132 114 98 105 124 182 173 
0 228 224 250 261 236 266 253 220 100 68 76 75 55 0 105 250 255 272 264 274 261 235 244 230 214 239 254 214 229 198 233 175 164 229 132 152 148 135 96 129 140 181 173 
0 216 206 206 217 206 214 204 195 53 43 29 58 93 87 0 184 186 202 196 201 183 155 161 145 127 156 175 126 143 110 148 89 78 145 47 75 68 63 29 78 106 169 176 
0 192 178 173 184 178 181 173 165 71 74 62 82 111 105 33 0 155 173 168 173 161 130 143 125 123 146 149 118 126 107 128 90 81 138 35 48 71 64 13 67 83 142 153 
0 160 137 72 75 116 51 62 115 197 221 212 218 244 250 184 153 0 35 43 40 83 79 99 101 157 135 65 143 120 157 97 166 166 148 144 109 164 161 160 146 129 140 170 
0 174 151 87 89 129 64 74 130 198 223 214 221 249 255 186 155 14 0 38 27 71 70 87 90 148 125 53 134 110 150 87 160 162 139 144 110 161 160 163 149 137 154 183 
0 180 158 97 97 132 71 76 143 208 236 228 232 261 272 202 173 35 25 0 12 60 85 85 98 153 121 62 141 120 158 95 171 172 138 158 126 170 169 179 158 148 169 197 
0 166 147 95 94 118 71 66 138 198 229 222 222 250 264 196 168 43 38 21 0 57 97 86 103 153 117 75 143 127 158 102 170 168 134 154 123 163 160 174 146 136 162 188 
0 191 169 107 107 143 81 88 153 209 237 228 234 265 274 201 173 40 27 12 31 0 77 78 90 146 115 52 134 111 152 87 166 168 132 157 126 168 169 180 162 155 178 206 
0 210 192 147 148 165 126 120 184 181 213 206 209 245 261 183 161 83 71 60 57 55 0 36 67 106 64 62 99 91 117 68 134 134 83 137 114 134 138 167 142 151 199 224 
0 223 201 145 150 184 130 138 176 177 195 181 200 237 235 155 130 79 70 85 97 77 81 0 38 98 100 28 81 46 97 33 108 117 106 111 87 129 138 141 147 152 186 214 
0 228 209 166 169 186 148 144 197 163 192 183 191 231 244 161 143 99 87 85 86 78 36 64 0 71 41 56 63 58 82 39 101 104 55 114 97 110 119 149 134 152 207 231 
0 234 214 167 172 195 152 153 195 158 181 167 184 225 230 145 125 101 90 98 103 90 67 38 36 0 64 47 47 24 66 6 83 91 68 98 83 104 116 135 134 151 202 227 
0 265 249 217 223 231 205 200 236 131 153 141 158 204 214 127 123 157 148 153 153 146 106 98 71 62 0 109 17 56 19 67 43 51 39 88 96 71 94 129 130 165 233 252 
0 243 228 196 200 204 180 171 222 148 180 173 177 220 239 156 146 135 125 121 117 115 64 100 41 64 56 0 58 77 71 69 91 90 20 113 108 94 106 150 129 158 226 246 
0 218 196 136 140 176 116 125 174 191 213 201 216 251 254 175 149 65 53 62 75 52 62 28 56 47 109 97 0 63 113 42 127 134 108 129 103 142 150 159 155 157 190 218 
0 258 240 204 211 223 193 190 226 136 156 143 162 207 214 126 118 143 134 141 143 134 99 81 63 47 17 58 94 0 22 52 45 55 46 85 88 76 97 126 130 160 224 245 
0 252 232 185 191 215 171 175 211 161 179 164 186 228 229 143 126 120 110 120 127 111 91 46 58 24 56 77 63 39 0 25 73 86 75 99 89 105 122 137 145 165 215 240 
0 260 244 214 221 229 205 200 230 120 138 125 145 191 198 110 107 157 150 158 158 152 117 97 82 66 19 71 113 22 57 0 24 36 55 73 85 61 85 114 123 157 224 243 
0 234 213 164 170 194 149 152 194 163 185 171 189 229 233 148 128 97 87 95 102 87 68 33 39 6 67 69 42 52 25 71 0 96 73 101 85 109 121 138 138 153 201 227 
0 257 242 217 225 230 211 206 228 103 116 102 126 172 175 89 90 166 160 171 170 166 134 108 101 83 43 91 127 45 73 24 87 0 75 58 78 49 73 96 114 149 217 234 
0 246 232 214 222 221 209 201 222 85 102 90 109 155 164 78 81 166 162 172 168 168 134 117 104 91 51 90 134 55 86 36 96 20 0 48 73 30 55 85 97 137 209 224 
0 253 238 208 213 216 194 185 231 137 167 160 166 210 229 145 138 148 139 138 134 132 83 106 55 68 39 20 108 46 75 55 73 75 74 0 105 81 96 142 126 160 231 250 
0 206 192 179 188 185 180 172 179 70 84 72 90 130 132 47 35 144 144 158 154 157 137 111 114 98 88 113 129 85 99 73 101 58 48 104 0 42 44 41 66 96 163 178 
0 182 165 144 153 156 145 138 149 96 114 103 116 150 152 75 48 109 110 126 123 126 114 87 97 83 96 108 103 88 89 85 85 78 73 105 35 0 64 56 67 80 139 158 
0 225 214 204 212 203 202 190 208 59 86 79 87 132 148 68 71 164 161 170 163 168 134 129 110 104 71 94 142 76 105 61 109 49 30 81 42 67 0 71 71 115 193 205 
0 204 194 193 201 185 194 178 192 43 77 75 72 114 135 63 64 161 160 169 160 169 138 138 119 116 94 106 150 97 122 85 121 73 55 96 44 64 25 0 46 93 174 185 
0 188 177 178 188 177 186 176 166 61 65 56 70 98 96 29 13 160 163 179 174 180 167 141 149 135 129 150 159 126 137 114 138 96 85 142 41 56 71 60 0 79 141 150 
0 159 151 162 170 144 168 149 154 60 92 95 78 105 129 78 67 146 149 158 146 162 142 147 134 134 130 129 155 130 145 123 138 114 97 126 66 67 71 46 59 0 134 142 
0 113 104 124 133 103 137 117 107 103 125 127 113 124 140 106 83 129 137 148 136 155 151 152 152 151 165 158 157 160 165 157 153 149 137 160 96 80 115 93 79 49 0 94 
0 71 57 92 102 82 120 111 44 181 192 191 185 182 181 169 142 140 154 169 162 178 199 186 207 202 233 226 190 224 215 224 201 217 209 231 163 139 193 174 141 134 85 0 
EOF