NAME : global
TYPE : ATSP
DIMENSION : 73
EDGE_WEIGHT_TYPE : EXPLICIT
EDGE_WEIGHT_FORMAT : FULL_MATRIX
EDGE_WEIGHT_SECTION
0 492 427 421 282 264 231 329 251 267 280 273 335 268 356 290 376 299 383 200 284 310 237 297 235 275 275 237 210 245 201 335 235 256 187 350 307 270 220 210 305 202 171 156 182 159 196 186 156 134 161 168 154 136 126 172 162 196 359 394 281 229 319 121 10000067 152 10000150 10000222 224 130 10000103 10000180 151 
0 0 12 136 134 151 173 108 127 101 57 62 137 50 45 96 144 35 59 165 173 61 102 73 149 126 122 136 163 102 170 77 163 86 160 130 165 153 157 170 141 75 152 161 188 169 139 166 189 194 204 10000000 176 177 226 256 283 317 319 300 294 10000000 228 201 10000000 282 10000000 10000000 282 275 10000000 10000000 194 
0 10 0 132 125 141 164 98 118 92 47 54 127 45 41 90 141 36 55 162 170 57 97 68 146 123 118 131 160 97 167 75 154 84 156 126 161 148 149 163 134 72 147 159 183 167 138 164 187 189 199 10000000 174 176 224 251 281 316 317 299 292 10000000 223 200 10000000 281 10000000 10000000 281 273 10000000 10000000 193 
0 12 8 0 130 145 165 100 119 95 46 60 131 53 49 96 149 44 63 170 177 65 106 76 154 132 127 140 168 105 172 84 158 92 166 133 164 152 155 170 141 79 155 168 191 176 146 172 196 196 206 10000000 183 184 233 259 290 324 326 307 301 10000000 230 208 10000000 289 10000000 10000000 289 282 10000000 10000000 201 
0 136 132 137 0 28 27 45 23 59 109 133 12 138 125 152 28 142 123 111 133 128 153 134 198 181 173 183 175 151 124 138 31 97 81 57 70 53 52 81 50 77 183 168 212 197 171 139 160 219 217 10000000 180 186 226 244 268 297 295 278 285 10000000 232 185 10000000 266 10000000 10000000 262 259 10000000 10000000 186 
0 134 125 130 18 0 36 28 12 47 89 121 7 130 118 146 42 135 114 116 137 120 146 127 190 174 166 176 173 144 119 130 45 98 95 69 78 65 62 91 56 74 192 174 212 204 179 147 167 214 218 10000000 186 192 233 250 276 310 302 290 292 10000000 236 197 10000000 267 10000000 10000000 271 269 10000000 10000000 193 
0 151 141 145 28 19 0 38 30 58 100 121 22 136 124 150 40 142 122 111 146 127 152 134 197 180 172 183 177 150 118 136 44 89 95 66 85 71 68 100 57 64 185 169 223 192 163 145 168 222 226 10000000 183 199 236 252 280 313 306 295 295 10000000 241 203 10000000 284 10000000 10000000 277 265 10000000 10000000 202 
0 173 164 165 27 36 28 0 46 80 124 148 32 156 126 171 20 124 124 106 129 143 168 149 215 195 187 198 163 166 112 131 24 94 84 53 78 65 61 88 57 72 187 168 221 194 166 139 165 224 221 10000000 180 187 227 250 272 299 302 285 292 10000000 239 186 10000000 267 10000000 10000000 264 261 10000000 10000000 187 
0 108 98 100 45 28 38 63 0 26 73 100 30 112 103 127 63 117 105 128 142 107 134 115 181 163 157 169 172 133 133 119 66 108 103 84 88 72 70 99 62 96 179 184 205 201 180 154 167 206 212 10000000 190 203 234 247 277 309 302 292 292 10000000 232 197 10000000 268 10000000 10000000 271 269 10000000 10000000 196 
0 127 118 119 23 12 30 46 22 0 86 112 14 127 118 139 49 127 120 121 137 122 143 124 194 173 169 184 172 141 133 129 52 103 96 74 80 64 63 93 57 84 188 174 210 211 189 149 166 210 214 10000000 187 193 233 248 275 308 301 287 290 10000000 234 195 10000000 266 10000000 10000000 269 267 10000000 10000000 194 
0 101 92 95 59 47 58 80 26 40 0 79 53 94 85 103 79 103 85 132 127 89 111 95 160 147 136 149 162 112 128 104 80 121 104 90 90 73 73 95 62 96 160 168 184 182 160 146 154 187 193 10000000 176 186 221 230 259 295 291 270 288 10000000 213 180 10000000 261 10000000 10000000 258 258 10000000 10000000 186 
0 57 47 46 109 89 100 124 73 86 62 0 105 67 67 93 134 76 75 166 172 77 107 85 162 144 136 148 179 109 171 101 131 111 158 138 137 125 131 148 134 89 162 183 197 189 169 186 196 202 211 10000000 201 198 245 256 295 332 328 304 311 10000000 234 217 10000000 298 10000000 10000000 293 289 10000000 10000000 217 
0 62 54 60 133 121 121 148 100 112 79 56 0 24 39 38 137 55 37 157 150 33 53 34 119 97 87 102 139 60 160 67 139 84 149 139 133 123 126 140 122 84 113 165 146 142 120 156 151 154 161 10000000 175 152 196 208 245 292 287 260 269 10000000 184 179 10000000 262 10000000 10000000 247 252 10000000 10000000 179 
0 137 127 131 12 7 22 32 30 14 53 105 129 0 123 151 38 140 120 117 146 126 151 132 196 179 171 181 176 149 118 135 41 110 96 67 79 63 70 91 56 78 195 175 216 207 181 147 167 215 219 10000000 187 199 234 251 276 305 303 291 292 10000000 238 192 10000000 273 10000000 10000000 270 267 10000000 10000000 193 
0 50 45 53 138 130 136 156 112 127 94 67 24 135 0 48 139 33 24 155 152 20 58 25 105 87 83 94 127 62 147 51 146 73 161 133 144 132 135 155 116 76 104 147 141 133 112 148 149 146 156 10000000 147 144 188 209 240 288 284 266 265 10000000 180 187 10000000 250 10000000 10000000 250 250 10000000 10000000 180 
0 45 41 49 125 118 124 126 103 118 85 67 39 123 23 0 117 21 14 135 142 19 60 32 103 84 84 91 123 58 144 43 142 52 132 107 139 126 125 139 105 53 112 126 148 134 102 127 154 144 154 10000000 141 143 192 206 238 280 282 263 257 10000000 178 167 10000000 248 10000000 10000000 245 240 10000000 10000000 160 
0 96 90 96 152 146 150 171 127 139 103 93 38 151 48 64 0 80 55 155 146 48 34 37 83 91 66 82 131 41 156 76 159 98 155 155 143 136 138 148 128 108 100 131 114 132 114 149 137 124 135 10000000 145 138 182 182 216 274 267 236 248 10000000 157 165 10000000 236 10000000 10000000 233 236 10000000 10000000 165 
0 144 141 149 28 42 40 20 63 49 79 134 137 38 139 117 161 0 123 95 123 138 163 145 205 189 181 192 148 161 105 119 3 86 10000000 10000000 10000000 10000000 44 70 42 68 172 152 207 181 154 120 146 208 205 10000000 164 172 209 232 253 281 283 266 274 10000000 222 169 10000000 250 10000000 10000000 247 244 10000000 10000000 173 
0 35 36 44 142 135 142 124 117 127 103 76 55 140 33 21 80 124 0 145 150 35 77 47 118 96 91 99 134 77 147 45 125 59 142 115 149 138 137 144 126 59 121 129 164 137 107 139 157 162 172 10000000 144 146 194 230 251 285 287 269 261 10000000 192 170 10000000 251 10000000 10000000 250 243 10000000 10000000 163 
0 59 55 63 123 114 122 124 105 120 85 75 37 120 24 14 55 123 32 0 128 10000000 47 20 90 10000000 63 77 107 44 125 29 131 49 135 120 135 114 120 141 98 56 99 118 129 129 107 137 131 131 140 10000000 127 124 168 193 224 270 266 250 249 10000000 165 159 10000000 232 10000000 10000000 234 232 10000000 10000000 144 
0 165 162 170 111 116 111 106 128 121 132 166 157 117 155 135 155 95 145 136 0 141 144 138 165 162 148 164 114 157 45 114 109 10000000 5 42 21 30 31 12 49 89 152 116 167 150 130 74 95 165 162 10000000 124 133 167 183 209 232 238 216 228 10000000 174 121 10000000 189 10000000 10000000 193 190 10000000 10000000 124 
0 173 170 177 133 137 146 129 142 137 127 172 150 146 152 142 146 123 150 128 41 0 131 135 142 137 125 141 82 131 10000000 10000000 114 89 43 72 54 62 64 44 73 102 121 84 133 118 105 46 55 134 122 10000000 89 97 130 142 160 192 195 177 187 10000000 136 81 10000000 151 10000000 10000000 155 152 10000000 10000000 87 
0 61 57 65 128 120 127 143 107 122 89 77 33 126 20 19 48 138 35 10000000 141 139 0 13 86 69 59 75 109 43 128 34 136 56 142 127 136 118 124 147 102 64 92 117 125 121 100 144 130 128 138 10000000 126 124 168 191 222 269 265 247 248 10000000 162 159 10000000 232 10000000 10000000 232 231 10000000 10000000 144 
0 102 97 106 153 146 152 168 134 143 111 107 53 151 58 60 34 163 77 47 144 131 41 0 56 59 38 53 107 13 141 58 159 83 178 166 135 129 131 139 135 98 68 105 92 98 83 131 116 100 111 10000000 118 111 155 164 195 250 247 214 226 10000000 135 151 10000000 213 10000000 10000000 211 213 10000000 10000000 140 
0 73 68 76 134 127 134 149 115 124 95 85 34 132 25 32 37 145 47 20 138 135 13 27 0 10000000 57 64 107 32 130 40 142 64 163 140 140 131 141 156 105 75 79 111 115 108 86 140 140 120 130 10000000 123 119 163 182 214 277 270 231 245 10000000 154 165 10000000 248 10000000 10000000 230 237 10000000 10000000 146 
0 149 146 154 198 190 197 215 181 194 160 162 119 196 105 103 83 205 118 90 165 142 86 56 78 0 27 29 80 53 141 82 209 105 181 191 171 167 166 165 169 129 29 78 58 55 56 123 110 68 74 10000000 84 73 116 134 166 221 229 192 192 10000000 105 125 10000000 197 10000000 10000000 177 194 10000000 10000000 106 
0 126 123 132 181 174 180 195 163 173 147 144 97 179 87 84 91 189 96 10000000 162 137 69 59 10000000 48 0 19 63 46 137 72 10000000 97 200 194 158 151 158 158 138 113 33 64 104 56 33 95 104 86 96 10000000 77 73 118 147 175 223 226 198 193 10000000 121 114 10000000 191 10000000 10000000 179 186 10000000 10000000 100 
0 122 118 127 173 166 172 187 157 169 136 136 87 171 83 84 66 181 91 63 148 125 59 38 57 27 29 0 72 30 136 55 182 78 172 180 152 142 145 144 129 101 29 71 69 60 47 109 98 72 83 10000000 82 74 119 135 167 222 229 192 193 10000000 108 123 10000000 195 10000000 10000000 182 195 10000000 10000000 106 
0 136 131 140 183 176 183 198 169 184 149 148 102 181 94 91 82 192 99 77 164 141 75 53 64 29 19 17 0 43 131 67 193 80 202 191 162 155 159 159 142 112 22 68 86 55 38 112 108 73 84 10000000 79 70 114 136 171 225 222 194 193 10000000 111 124 10000000 198 10000000 10000000 175 195 10000000 10000000 104 
0 163 160 168 175 173 177 163 172 172 162 179 139 176 127 123 131 148 134 107 114 82 109 107 107 80 63 72 68 0 73 81 244 81 111 115 121 121 124 117 115 108 53 6 89 44 32 44 50 88 87 10000000 19 30 66 103 124 169 170 145 139 10000000 94 55 10000000 134 10000000 10000000 117 125 10000000 10000000 38 
0 102 97 105 151 144 150 166 133 141 112 109 60 149 62 58 41 161 77 44 157 131 43 13 32 53 46 30 43 95 0 46 158 73 185 160 135 128 137 138 115 90 60 96 93 90 72 120 114 99 109 10000000 108 103 147 162 193 248 244 219 224 10000000 133 141 10000000 210 10000000 10000000 207 210 10000000 10000000 130 
0 170 167 172 124 119 118 112 133 133 128 171 160 118 147 144 156 105 147 125 45 10000000 128 141 130 141 137 136 131 73 129 0 98 71 41 55 60 63 64 53 66 84 115 77 144 113 94 50 68 135 132 10000000 84 97 131 152 172 197 201 184 190 10000000 146 83 10000000 164 10000000 10000000 159 155 10000000 10000000 86 
0 77 75 84 138 130 136 131 119 129 104 101 67 135 51 43 76 119 45 29 114 10000000 34 58 40 82 72 55 67 81 46 93 0 29 136 93 138 131 119 122 89 49 69 84 118 91 63 93 115 116 126 10000000 99 100 149 185 209 240 248 227 216 10000000 151 124 10000000 205 10000000 10000000 213 198 10000000 10000000 117 
0 163 154 158 31 45 44 24 66 52 80 131 139 41 146 142 159 3 125 131 109 114 136 159 142 209 10000000 182 193 244 158 98 112 0 10000000 10000000 10000000 10000000 44 68 41 68 10000000 10000000 205 10000000 10000000 10000000 145 205 203 10000000 162 170 211 230 254 282 282 264 273 10000000 219 166 10000000 247 10000000 10000000 248 245 10000000 10000000 171 
0 86 84 92 97 98 89 94 108 103 121 111 84 110 73 52 98 86 59 49 10000000 89 56 83 64 105 97 78 80 81 73 71 29 85 0 65 85 102 77 90 64 27 89 86 135 104 75 80 102 131 142 10000000 101 104 147 177 205 235 236 225 218 10000000 166 118 10000000 199 10000000 10000000 194 192 10000000 10000000 115 
0 160 156 166 81 95 95 84 103 96 104 158 149 96 161 132 155 10000000 142 135 5 43 142 178 163 181 200 172 202 111 185 41 136 10000000 85 0 24 31 31 17 48 86 149 115 169 149 128 80 95 165 162 10000000 123 132 166 188 213 232 227 214 226 10000000 176 118 10000000 199 10000000 10000000 194 191 10000000 10000000 124 
0 130 126 133 57 69 66 53 84 74 90 138 139 67 133 107 155 10000000 115 120 42 72 127 166 140 191 194 180 191 115 160 55 93 10000000 65 37 0 36 33 47 31 57 143 120 193 151 125 87 115 177 175 10000000 131 141 181 201 221 248 251 234 241 10000000 192 133 10000000 214 10000000 10000000 209 206 10000000 10000000 136 
0 165 161 164 70 78 85 78 88 80 90 137 133 79 144 139 143 10000000 149 135 21 54 136 135 140 171 158 152 162 121 135 60 138 10000000 85 24 42 0 14 12 36 83 153 125 170 161 135 96 104 165 165 10000000 134 140 178 189 210 241 238 221 228 10000000 181 133 10000000 199 10000000 10000000 203 200 10000000 10000000 134 
0 153 148 152 53 65 71 65 72 64 73 125 123 63 132 126 136 10000000 138 114 30 62 118 129 131 167 151 142 155 121 128 63 131 10000000 102 31 36 12 0 24 24 72 158 125 169 155 132 91 108 167 166 10000000 135 141 179 193 215 245 243 226 232 10000000 184 133 10000000 214 10000000 10000000 209 206 10000000 10000000 138 
0 157 149 155 52 62 68 61 70 63 73 131 126 70 135 125 138 44 137 120 31 64 124 131 141 166 158 145 159 124 137 64 119 44 77 31 33 14 4 0 24 71 162 127 173 158 134 93 111 171 171 10000000 137 144 181 196 219 248 246 229 236 10000000 187 136 10000000 217 10000000 10000000 212 208 10000000 10000000 140 
0 170 163 170 81 91 100 88 99 93 95 148 140 91 155 139 148 70 144 141 12 44 147 139 156 165 158 144 159 117 138 53 122 68 90 17 47 12 24 26 0 90 150 120 166 155 133 85 96 160 159 10000000 128 135 170 181 202 233 230 213 220 10000000 174 124 10000000 191 10000000 10000000 195 192 10000000 10000000 127 
0 141 134 141 50 56 57 57 62 57 62 134 122 56 116 105 128 42 126 98 49 73 102 135 105 169 138 129 142 115 115 66 89 41 64 48 31 36 24 24 46 0 136 119 164 148 120 92 111 169 167 10000000 131 136 177 195 219 250 246 238 241 10000000 183 136 10000000 216 10000000 10000000 213 210 10000000 10000000 137 
0 75 72 79 77 74 64 72 96 84 96 89 84 78 76 53 108 68 59 56 89 102 64 98 75 129 113 101 112 108 90 84 49 68 27 86 57 83 72 71 90 57 0 113 162 131 102 101 125 165 173 10000000 127 131 176 203 228 258 260 244 245 10000000 198 144 10000000 224 10000000 10000000 219 216 10000000 10000000 140 
0 152 147 155 183 192 185 187 179 188 160 162 113 195 104 112 100 172 121 99 152 121 92 68 79 29 33 29 22 53 60 115 69 10000000 89 149 143 153 158 162 150 136 115 0 61 31 27 93 94 54 65 10000000 59 50 93 116 152 198 201 173 169 10000000 90 102 10000000 174 10000000 10000000 154 171 10000000 10000000 82 
0 161 159 168 168 174 169 168 184 174 168 183 165 175 147 126 131 152 129 118 116 84 117 105 111 78 64 71 68 6 96 77 84 10000000 86 115 120 125 125 127 120 119 113 51 0 43 32 47 49 84 81 10000000 15 24 60 98 119 164 166 140 135 10000000 88 53 10000000 128 10000000 10000000 112 122 10000000 10000000 36 
0 188 183 191 212 212 223 221 205 210 184 197 146 216 141 148 114 207 164 129 167 133 125 92 115 58 104 69 86 89 93 144 118 205 135 169 193 170 169 173 166 164 162 61 86 0 78 117 85 19 29 10000000 88 79 106 76 109 180 175 134 150 10000000 46 105 10000000 160 10000000 10000000 132 156 10000000 10000000 92 
0 169 167 176 197 204 192 194 201 211 182 189 142 207 133 134 132 181 137 129 150 118 121 98 108 55 56 60 55 44 90 113 91 10000000 104 149 151 161 155 158 155 148 131 31 43 74 0 84 77 65 77 10000000 42 29 84 109 133 188 183 155 159 10000000 105 89 10000000 166 10000000 10000000 136 161 10000000 10000000 73 
0 139 138 146 171 179 163 166 180 189 160 169 120 181 112 102 114 154 107 107 130 105 100 83 86 56 33 47 38 32 72 94 63 10000000 75 128 125 135 132 134 133 120 102 27 32 78 30 0 76 73 78 10000000 44 42 90 122 146 191 197 168 161 10000000 104 86 10000000 161 10000000 10000000 150 154 10000000 10000000 68 
0 166 164 172 139 147 145 139 154 149 146 186 156 147 148 127 149 120 139 137 74 46 144 131 140 123 95 109 112 44 120 50 93 10000000 80 80 87 96 91 93 85 92 101 93 47 117 84 72 0 106 104 10000000 52 66 101 120 143 166 167 155 157 10000000 115 51 10000000 132 10000000 10000000 127 124 10000000 10000000 57 
0 189 187 196 160 167 168 165 167 166 154 196 151 167 149 154 137 146 157 131 95 55 130 116 140 110 104 98 108 50 114 68 115 145 102 95 115 104 108 111 96 111 125 94 49 85 77 76 42 0 71 10000000 47 50 81 85 108 141 138 120 122 10000000 80 27 10000000 103 10000000 10000000 102 99 10000000 10000000 39 
0 194 189 196 219 214 222 224 206 210 187 202 154 215 146 144 124 208 162 131 165 134 128 100 120 68 86 72 73 88 99 135 116 205 131 165 177 165 167 171 160 169 165 54 84 19 65 73 106 73 0 10000000 79 73 91 64 97 165 164 122 134 10000000 36 88 10000000 147 10000000 10000000 118 145 10000000 10000000 77 
0 204 199 206 217 218 226 221 212 214 193 211 161 219 156 154 135 205 172 140 162 122 138 111 130 74 96 83 84 87 109 132 126 203 142 162 175 165 166 171 159 167 173 65 81 29 77 78 104 71 13 0 71 67 78 51 83 152 152 108 121 10000000 25 84 10000000 133 10000000 10000000 106 130 10000000 10000000 70 
0 10000000 10000000 10000000 10000000 10000000 10000000 10000000 10000000 10000000 10000000 10000000 10000000 10000000 10000000 10000000 10000000 10000000 10000000 10000000 10000000 10000000 10000000 10000000 10000000 10000000 10000000 10000000 10000000 10000000 10000000 10000000 10000000 10000000 10000000 10000000 10000000 10000000 10000000 10000000 10000000 10000000 10000000 10000000 10000000 10000000 10000000 10000000 10000000 10000000 10000000 10000000 0 10000000 75 46 60 108 123 85 68 10000000 55 96 10000000 119 10000000 10000000 50 99 10000000 10000000 84 
0 176 174 183 180 186 183 180 190 187 176 201 175 187 147 141 145 164 144 127 124 89 126 118 123 84 77 82 79 19 108 84 99 162 101 123 131 134 135 137 128 131 127 59 15 88 42 44 52 47 79 71 10000000 0 45 85 106 150 152 126 120 10000000 78 46 10000000 118 10000000 10000000 97 110 10000000 10000000 23 
0 177 176 184 186 192 199 187 203 193 186 198 152 199 144 143 138 172 146 124 133 97 124 111 119 73 73 74 70 30 103 97 100 170 104 132 141 140 141 144 135 136 131 50 24 79 29 42 66 50 73 67 10000000 19 0 79 103 151 154 126 122 10000000 76 58 10000000 128 10000000 10000000 108 125 10000000 10000000 37 
0 226 224 233 226 233 236 227 234 233 221 245 196 234 188 192 182 209 194 168 167 130 168 155 163 116 118 119 114 66 147 131 149 211 147 166 181 178 179 181 170 177 176 93 60 106 84 90 101 81 91 78 75 45 50 0 97 145 142 120 116 10000000 76 70 10000000 125 10000000 10000000 92 119 10000000 10000000 44 
0 256 251 259 244 250 252 250 247 248 230 256 208 251 209 206 182 232 230 193 183 142 191 164 182 134 147 135 136 103 162 152 185 230 177 188 201 189 193 196 181 195 203 116 98 76 109 122 120 85 64 51 46 85 79 77 0 113 102 58 82 10000000 30 84 10000000 105 10000000 10000000 76 102 10000000 10000000 76 
0 283 281 290 268 276 280 272 277 275 259 295 245 276 240 238 216 253 251 224 209 160 222 195 214 166 175 167 171 124 193 172 209 254 205 213 221 210 215 219 202 219 228 152 119 109 133 146 143 108 97 83 60 106 103 97 34 0 87 31 56 10000000 65 99 10000000 95 10000000 10000000 69 89 10000000 10000000 91 
0 317 316 324 297 310 313 299 309 308 295 332 292 305 288 280 274 281 285 270 232 192 269 250 277 221 223 222 225 169 248 197 240 282 235 232 248 241 245 248 233 250 258 198 164 180 188 191 166 141 165 152 108 150 151 145 113 94 0 92 42 10000000 139 120 10000000 71 10000000 10000000 75 53 10000000 10000000 126 
0 319 317 326 295 302 306 302 302 301 291 328 287 303 284 282 267 283 287 266 238 195 265 247 270 229 226 229 222 170 244 201 248 282 236 227 251 238 243 246 230 246 260 201 166 175 183 197 167 138 164 152 123 152 154 142 102 87 57 0 69 10000000 137 120 10000000 62 10000000 10000000 96 67 10000000 10000000 127 
0 300 299 307 278 290 295 285 292 287 270 304 260 291 266 263 236 266 269 250 216 177 247 214 231 192 198 192 194 145 219 184 227 264 225 214 234 221 226 229 213 238 244 173 140 134 155 168 155 120 122 108 85 126 126 120 58 31 92 53 0 10000000 89 109 10000000 82 10000000 10000000 85 84 10000000 10000000 109 
0 294 292 301 285 292 295 292 292 290 288 311 269 292 265 257 248 274 261 249 228 187 248 226 245 192 193 193 193 139 224 190 216 273 218 226 241 228 232 236 220 241 245 169 135 150 159 161 157 122 134 121 68 120 122 116 82 56 42 69 85 0 105 108 10000000 85 10000000 10000000 44 61 10000000 10000000 101 
0 10000000 10000000 10000000 10000000 10000000 10000000 10000000 10000000 10000000 10000000 10000000 10000000 10000000 10000000 10000000 10000000 10000000 10000000 10000000 10000000 10000000 10000000 10000000 10000000 10000000 10000000 10000000 10000000 10000000 10000000 10000000 10000000 10000000 10000000 10000000 10000000 10000000 10000000 10000000 10000000 10000000 10000000 10000000 10000000 10000000 10000000 10000000 10000000 10000000 10000000 10000000 10000000 10000000 10000000 10000000 10000000 10000000 10000000 10000000 10000000 10000000 0 117 10000000 61 10000000 10000000 75 40 10000000 10000000 121 
0 228 223 230 232 236 241 239 232 234 213 234 184 238 180 178 157 222 192 165 174 136 162 135 154 105 121 108 111 94 133 146 151 219 166 176 192 181 184 187 174 183 198 90 88 46 105 104 115 80 36 25 55 78 76 76 30 65 139 137 89 105 10000000 0 10000000 127 10000000 10000000 92 123 10000000 10000000 80 
0 201 200 208 185 197 203 186 197 195 180 217 179 192 187 167 165 169 170 159 121 81 159 151 165 125 114 123 124 55 141 83 124 166 118 118 133 133 133 136 124 136 144 102 53 105 89 86 51 27 88 84 96 46 58 70 84 99 120 120 109 108 117 88 0 83 10000000 10000000 80 76 10000000 10000000 28 
0 10000000 10000000 10000000 10000000 10000000 10000000 10000000 10000000 10000000 10000000 10000000 10000000 10000000 10000000 10000000 10000000 10000000 10000000 10000000 10000000 10000000 10000000 10000000 10000000 10000000 10000000 10000000 10000000 10000000 10000000 10000000 10000000 10000000 10000000 10000000 10000000 10000000 10000000 10000000 10000000 10000000 10000000 10000000 10000000 10000000 10000000 10000000 10000000 10000000 10000000 10000000 10000000 10000000 10000000 10000000 10000000 10000000 10000000 10000000 10000000 10000000 10000000 10000000 10000000 0 10000000 10000000 10000000 10000000 10000000 10000000 10000000 
0 282 281 289 266 267 284 267 268 266 261 298 262 273 250 248 236 250 251 232 189 151 232 213 248 197 191 195 198 134 210 164 205 247 199 199 214 199 214 217 191 216 224 174 128 160 166 161 132 103 147 133 119 118 128 125 105 95 71 62 82 85 61 127 83 10000000 0 10000000 85 35 10000000 10000000 95 
0 10000000 10000000 10000000 10000000 10000000 10000000 10000000 10000000 10000000 10000000 10000000 10000000 10000000 10000000 10000000 10000000 10000000 10000000 10000000 10000000 10000000 10000000 10000000 10000000 10000000 10000000 10000000 10000000 10000000 10000000 10000000 10000000 10000000 10000000 10000000 10000000 10000000 10000000 10000000 10000000 10000000 10000000 10000000 10000000 10000000 10000000 10000000 10000000 10000000 10000000 10000000 10000000 10000000 10000000 10000000 10000000 10000000 10000000 10000000 10000000 10000000 10000000 10000000 10000000 10000000 10000000 0 10000000 10000000 10000000 10000000 10000000 
0 10000000 10000000 10000000 10000000 10000000 10000000 10000000 10000000 10000000 10000000 10000000 10000000 10000000 10000000 10000000 10000000 10000000 10000000 10000000 10000000 10000000 10000000 10000000 10000000 10000000 10000000 10000000 10000000 10000000 10000000 10000000 10000000 10000000 10000000 10000000 10000000 10000000 10000000 10000000 10000000 10000000 10000000 10000000 10000000 10000000 10000000 10000000 10000000 10000000 10000000 10000000 10000000 10000000 10000000 10000000 10000000 10000000 10000000 10000000 10000000 10000000 10000000 10000000 10000000 10000000 10000000 10000000 0 10000000 10000000 10000000 10000000 
0 282 281 289 262 271 277 264 271 269 258 293 247 270 250 245 233 247 250 234 193 155 232 211 230 177 179 182 175 117 207 159 213 248 194 194 209 203 209 212 195 213 219 154 112 132 136 150 127 102 118 106 50 97 108 92 76 69 75 96 85 44 75 92 80 10000000 85 10000000 10000000 0 10000000 10000000 80 
0 275 273 282 259 269 265 261 269 267 258 289 252 267 250 240 236 244 243 232 190 152 231 213 237 194 186 195 195 125 210 155 198 245 192 191 206 200 206 208 192 210 216 171 122 156 161 154 124 99 145 130 99 110 125 119 102 89 53 67 84 61 40 123 76 10000000 35 10000000 10000000 57 0 10000000 89 
0 10000000 10000000 10000000 10000000 10000000 10000000 10000000 10000000 10000000 10000000 10000000 10000000 10000000 10000000 10000000 10000000 10000000 10000000 10000000 10000000 10000000 10000000 10000000 10000000 10000000 10000000 10000000 10000000 10000000 10000000 10000000 10000000 10000000 10000000 10000000 10000000 10000000 10000000 10000000 10000000 10000000 10000000 10000000 10000000 10000000 10000000 10000000 10000000 10000000 10000000 10000000 10000000 10000000 10000000 10000000 10000000 10000000 10000000 10000000 10000000 10000000 10000000 10000000 10000000 10000000 10000000 10000000 10000000 10000000 10000000 0 10000000 
0 10000000 10000000 10000000 10000000 10000000 10000000 10000000 10000000 10000000 10000000 10000000 10000000 10000000 10000000 10000000 10000000 10000000 10000000 10000000 10000000 10000000 10000000 10000000 10000000 10000000 10000000 10000000 10000000 10000000 10000000 10000000 10000000 10000000 10000000 10000000 10000000 10000000 10000000 10000000 10000000 10000000 10000000 10000000 10000000 10000000 10000000 10000000 10000000 10000000 10000000 10000000 10000000 10000000 10000000 10000000 10000000 10000000 10000000 10000000 10000000 10000000 10000000 10000000 10000000 10000000 10000000 10000000 10000000 10000000 10000000 10000000 0 
EOF